 22 užduotis 
 
Šifro abėcėlė ABCDEFGHIJKLMNOPQRSTUVWXYZ

1. Feistelio šifro su trimis iteracijomis raktas =[88, 224, 175]
Iteracijos funkcija (m|k)^((k//16)&m)
Iššifruokite šifrą 
[[179, 165], [169, 180], [174, 188], [171, 175], [163, 185], [182, 164], [169, 181], [179, 180], [166, 189], [163, 161], [174, 179], [165, 161], [172, 170], [182, 161], [178, 163], [169, 169], [170, 191], [182, 165], [160, 186], [174, 179], [170, 189], [170, 186], [174, 176], [185, 164], [179, 178], [166, 190], [188, 162], [171, 169], [187, 165], [165, 175], [186, 164], [180, 180], [161, 165], [165, 169], [170, 176], [172, 170], [162, 179], [178, 163], [166, 190], [188, 162], [171, 170], [178, 177], [170, 190], [166, 190], [166, 186], [182, 162], [163, 161], [163, 177], [163, 181], [165, 191], [172, 168]]

2. Feistelio šifro su dviem iteracijomis raktas =['?', 128]
Iteracijos funkcija (m^k)&((k//16)|m)
Iššifruokite šifrą 
[[15, 91], [3, 80], [18, 75], [6, 95], [17, 83], [7, 64], [9, 69], [15, 75], [18, 91], [1, 84], [7, 66], [27, 82], [14, 75], [30, 84], [31, 80], [11, 74], [11, 88], [24, 84], [27, 72], [15, 95], [5, 74], [18, 83], [25, 82], [18, 83], [9, 77], [5, 65], [1, 84], [15, 86], [2, 71], [19, 71], [23, 68], [31, 84], [13, 65], [9, 92], [16, 81], [3, 79], [1, 84], [27, 66], [3, 74], [7, 76], [3, 80], [1, 85], [27, 82], [28, 85], [1, 78]]

3. Feistelio šifro su dviem iteracijomis raktas nežinomas
Iteracijos funkcija (m|k)^((m//16)&k)
Iššifruokite šifrą 
[[228, 161], [253, 188], [224, 165], [230, 162], [226, 161], [237, 170], [248, 178], [253, 184], [237, 187], [229, 166], [241, 182], [255, 180], [240, 176], [228, 177], [236, 185], [225, 172], [230, 170], [243, 161], [237, 187], [245, 165], [244, 167], [233, 185], [229, 179], [225, 169], [253, 184], [228, 174], [243, 163], [230, 162], [226, 173], [243, 185], [228, 165], [243, 182], [253, 181], [133, 160]] , jei tekstas prasidedaPA

